4
7
10
0
2
2
10
2
10
7
7
7
12
4
12
7
10
7
10
10
7
7
7
7
7
0
7
12
7
7
2
12
4
0
7
4
4
10
7
7
7
0
7
4
12
12
10
2
12
7
4
12
12
7
7
7
7
4
7
12
10
7
7
10
10
12
7
7
10
12
7
4
10
7
7
7
2
7
10
4
12
4
7
7
12
7
4
7
10
12
7
7
7
12
7
10
10
0
10
4
12
7
12
10
7
4
7
10
4
2
0
7
7
4
12
7
7
7
12
7
10
4
4
10
10
7
4
7
4
2
12
10
12
10
7
12
10
12
10
7
7
10
10
12
4
7
7
10
10
7